4336, 
4393, 
4371, 
4368, 4371, 4382, 
4350, 4349, 
4317, 4312, 
4312, 4317, 
4384, 
4368, 
4382, 4368, 4371, 
4371, 4382, 
4349, 4354, 4350, 
4350, 
4350, 4860, 
4344, 
4344, 
4344, 
4344, 4343, 
4344, 
4344, 
4327, 4331, 
4327, 
4327, 
4314, 4315, 
4312, 4317, 
4313, 4317, 
4493, 
4495, 
4494, 
4529, 4530, 
4528, 4530, 
4529, 
4518, 
4514, 
4514, 
4514, 
4514, 
4515, 4518, 
4507, 
4508, 4507, 
4508, 
4508, 
4501, 4732, 4508, 
4508, 4501, 
4508, 
4508, 
4501, 
4507, 4508, 
4500, 
4500, 4501, 
4500, 
4495, 
4494, 
4493, 
4493, 4494, 
4492, 
4717, 4479, 
4479, 4485, 
4485, 4479, 
4479, 
4478, 4485, 
4396, 4393, 
4405, 4408, 4409, 4412, 
4397, 4398, 4399, 
4405, 4408, 4409, 
4405, 4412, 4408, 
4412, 4404, 4405, 
4404, 4405, 4408, 4409, 4412, 
4409, 4412, 
4404, 4408, 4412, 
4397, 4399, 
4396, 
4396, 4399, 
4397, 4398, 
4399, 4397, 
4399, 
4396, 
4393, 
4393, 
4393, 
4393, 
4268, 4275, 4274, 4276, 4280, 
4230, 4237, 4239, 
4252, 4302, 4285, 
4256, 4620, 
4301, 4302, 
4301, 4302, 
4301, 4302, 
4301, 4302, 
4301, 4302, 
4295, 4297, 
4295, 
4296, 4295, 
4295, 
4295, 4296, 
4288, 
4288, 
4288, 
4288, 
4285, 4283, 
4285, 
4285, 
4284, 4285, 
4267, 
4280, 4268, 4265, 
4276, 4280, 
4267, 4268, 
4267, 
4620, 4256, 
4256, 
4256, 4248, 
4250, 4620, 4257, 
4233, 4235, 
4233, 4235, 
4239, 
4230, 4237, 
4239, 
4603, 
4603, 
4603, 
4599, 
4599, 
4599, 
4598, 
4598, 
4595, 
4595, 
4595, 

4585, 
4585, 

4584, 
4576, 
4576, 
4576, 
4575, 
4575, 
4575, 
4570, 
4570, 
4570, 
4570, 
4570, 
4565, 
4565, 
4564, 
4564, 
4564, 
4563, 
4563, 
4563, 
4560, 
4560, 
4560, 
4560, 
4559, 
4559, 
4559, 
4559, 
4559, 
4559, 
4559, 
4559, 
4549, 
4549, 
4549, 
4549, 
4547, 
4547, 
4547, 
4546, 
4547, 
4546, 
4546, 
4546, 
4541, 
4540, 
4540, 
4538, 
4538, 
4538, 
4538, 
4536, 
4536, 
4536, 
4536, 
4536, 
4536, 
4478, 
4479, 
4473, 
4473, 
4473, 
4473, 
4473, 
4473, 
4473, 
4473, 
4472, 
4472, 
4461, 
4461, 
4461, 
4461, 
4458, 
4458, 
4458, 
4455, 
4455, 
4436, 
4435, 
4431, 
4431, 
4426, 
4426, 
4426, 
4423, 
4423, 
4423, 
4421, 
4421, 
4421, 
4421, 
4382, 
4384, 
4384, 
4372, 
4371, 
4371, 
4371, 
4368, 
4367, 
4368, 
4367, 
4367, 
4367, 
4368, 
4367, 
4350, 
4350, 
4350, 
4350, 
4350, 
4351, 
4345, 
4345, 
4345, 
4331, 
4330, 
4330, 
4327, 
4326, 
4326, 
4326, 
4326, 
4336, 
4313, 
4312, 
4313, 
4316, 
4315, 
4315, 
4314, 
4314, 
4314, 
4529, 
4529, 
4529, 
4528, 
4528, 
4508, 
4500, 
4500, 
4515, 
4746, 
4514, 
4514, 
4514, 
4514, 
4520, 
4520, 
4518, 
4514, 
4514, 
4514, 
4509, 
4509, 
4509, 
4509, 
4508, 
4508, 
4508, 
4508, 
4508, 
4506, 
4506, 
4486, 
4506, 
4506, 
4501, 
4501, 
4501, 
4500, 
4500, 
4500, 
4500, 
4495, 4502, 
4495, 
4494, 
4494, 
4494, 
4493, 
4493, 
4493, 
4493, 
4493, 
4492, 
4492, 
4492, 
4492, 
4486, 
4486, 
4485, 
4485, 
4479, 
4479, 
4478, 
4412, 
4412, 
4412, 
4408, 
4409, 
4405, 
4404, 
4404, 
4399, 
4397, 
4396, 
4396, 
4396, 
4396, 
4393, 
4393, 
4393, 
4393, 
4393, 
4393, 
4393, 
4393, 
4393, 
4393, 
4393, 
4393, 
4302, 
4302, 
4301, 
4301, 
4301, 
4301, 
4301, 
4302, 
4295, 
4295, 
4295, 
4297, 
4297, 
4296, 
4296, 
4296, 
4295, 
4295, 
4295, 
4295, 
4288, 
4288, 
4288, 
4285, 
4285, 
4285, 
4285, 
4284, 
4284, 
4284, 
4283, 
4283, 
4283, 
4283, 
4267, 
4267, 
4267, 
4267, 
4267, 
4267, 
4268, 
4268, 
4268, 
4268, 
4268, 
4274, 
4276, 
4274, 
4274, 
4276, 
4280, 
4280, 
4280, 
4275, 
4275, 
4275, 
4275, 
4266, 
4266, 
4266, 
4266, 
4266, 
4265, 
4264, 
4264, 
4264, 
4264, 
4264, 
4264, 
4264, 
4264, 
4257, 
4257, 
4257, 
4257, 
4252, 
4256, 
4256, 
4252, 4253, 
4250, 
4250, 
4250, 
4250, 
4250, 
4250, 
4248, 
4248, 
4248, 
4248, 
4248, 
4248, 
4248, 
4248, 
4248, 
4248, 
4248, 
4248, 
4239, 
4239, 
4239, 
4237, 
4237, 
4235, 
4235, 
4233, 
4233, 
4233, 
4233, 
4237, 
4237, 
4237, 
4230, 
4230, 
4230, 
