6937
6936
6926
6928
6925
6923
6919
6905
6907
6903
6898
6887
6886
6885
6875
6873
6872
6869
6866
6862
6853
6852
6851
6837
6836
6835
6823
6821
6822
6809
6808
6807
6789
6788
6787
6786
6785
6784
6769
6768
6767
6766
6765
6751
6750
6749
6748
6747
6735
6734
6733
6718
6717
6716
6715
6714
6701
6700
6699
6698
6697
6685
6684
6683
6682
6666
6665
6664
6663
6662
6637
6636
6635
6651
6649
6632
6631
6619
6618
6617
6616
6602
6601
6600
6599
6581
6580
6579
6578
6577
6563
6562
6561
6560
6559
6548
6547
6546
6545
6535
6534
6533
6532
6512
6511
6510
6509
6508
6499
6498
6497
6496
6485
6484
6483
6482
6481
6474
6473
6472
6466
6465
6462
6456
6455
6448
6447
6446
6443
6438
6437
6431
6432
6422
6421
6420
6419
6413
6412
6401
6400
6399
6398
6397
6392
6391
6384
6383
6382
6375
6374
6373
6363
6362
6361
6360
6350
6349
6348
6347
6338
6337
6336
6335
6326
6325
6324
6323
6314
6313
6312
6311
6302
6301
6300
6299
6291
6290
6289
6277
6276
6275
6274
6267
6266
6265
6257
6256
6255
6249
6250
6240
6239
6238
6237
6228
6227
6226
6225
6219
6218
6209
6208
6207
6206
6199
6198
6197
6192
6191
6185
6186
6179
6178
6171
6170
6169
6162
6161
6160
6151
6150
6149
6148
6145
6142
6137
6136
6129
6128
6127
6116
6115
6114
6113
6112
6109
6101
6100
6091
6090
6089
6088
6083
6082
6074
6073
6072
6069
6062
6061
6058
6049
6048
6047
6046
6032
6025
6024
6023
6017
6016
6013
6006
6005
6004
5996
5995
5994
5989
5988
5981
5980
5979
5966
5965
5964
5963
5962
5961
5954
5953
5952
5945
5944
5943
5933
5932
5931
5930
5919
5918
5917
5916
5915
5904
5903
5902
5901
5900
5893
5892
5890
5885
5884
5878
5877
5872
5871
5864
5863
5862
5850
5849
5848
5847
5846
5837
5836
5835
5834
5825
5824
5823
5822
5817
5816
5813
5805
5804
5803
5798
5797
5794
5784
5791
5769
5768
5767
5766
5765
5764
5755
5754
5753
5743
5742
5741
5740
5733
5732
5731
5726
5724
5719
5718
5703
5707
5706
5705
5704
5700
5690
5691
5692
5685
5684
5675
5676
5677
5669
5670
5663
5662
5659
5656
5652
5649
5646
5643
5640
5633
5632
5631
5628
5619
5620
5621
5601
5602
5603
5604
5605
5606
5590
5589
5588
5587
5586
5562
5563
5564
5565
5566
5567
5568
5569
5553
5552
5551
5550
5539
5538
5537
5536
5535
5526
5525
5524
5523
5508
5509
5510
5512
5511
5496
5497
5498
5499
5484
5485
5486
5487
5465
5466
5467
5468
5469
5470
5453
5454
5455
5456
5444
5445
5446
5433
5432
5431
5430
5429
5418
5417
5416
5410
5411
5395
5394
5393
5392
5391
5390
5379
5383
5382
5377
5368
5362
